height 28
width 36
222222222222222222222222222222222222
200000002000000000000000000200000002
200000002000000000000000000200000002
20001000D000000000000000000D00010002
200000002000001000000100000200000002
200000002000000000000000000200000002
222202222222222220022222222222202222
200000002000000000000000000200000002
200000002000000000000000000200000002
20000000D000100000000001000D00000002
200000002000000000000000000200000002
200000002000000000000000000200000002
211101112110111111111111011211101112
200000002000000000000000000200000002
200000002000005550555500000200000002
20000000D000005000000500000D00000002
200000002000005555055500000200000002
200000002000000000000000000200000002
211101112111011111111110111211101112
200000002000000000000000000200000002
200000002000010000000010000200000002
20000000D000000000000000000D00000002
200000002000000000000000000200000002
200000002000000000000000000200000002
255505552555555550555555555255505552
20000000D000000000000000000D00000002
200000002000000000000000000200000002
222222222222222222222222222222222222
