height 30
width 30
2222222222222224444444X4444444
200000000000022440000000000004
200000000000022440000000000004
200000000000022440000000000004
200000000000022440000000000004
200000000000022440000000000004
220222222222222444440444444044
22S22222222224444444G444442G22
200022444444444444440444220002
200022400000000000000004420002
20000D000000000000000000D00002
200022400004000000400004420002
200022400000000000000004420002
200022400004000000400004420002
200022400000000000000004420002
200022400000000000000004420002
200022444444444444444444220002
200022222222222222222222220002
200022000000000000000000220002
200022000000000000000000220002
20000D0000200000000200000D0002
200022000000000000000000220002
222222000000000000000000222222
220002000000000000000000222222
220002222222220222222222222222
11000222222222D222222222222111
111222222222000000222222222111
111111111222000000222111111111
111111111222000000222111111111
111111111222252252222111111111
