height 24
width 36
111111111111111112222225252222222211
100000011000000012000000000000022211
10000000D000000012000000000000022211
10000001100000000D000000000000022211
100000011000000012000000000000022211
111011111000000012000000000000022211
111D11111111011112222222222022222211
111011111111D11111111112211D11111111
100000000000000000000001100000011111
100000000000000000000001100000011111
100002200002200000220001100000011111
100000000000000000000000D00000011111
100000000000000000000001100000010001
100000002200000220000001100000010001
100000000000000000000001100000010001
100000000000000000000001100000011111
111110111111111111011111111111111111
11111D111111112222G22222222222222211
100000000001120000000000000000022211
100000000001120000000000000000022211
100000000001120000000000000000022211
100000000001120000000000000000022211
100000000001120000000000000000022211
1111111111111222222222222222X2222211
