height 30
width 32
11111111111133333333322222222222
10000000001130000003320000000002
10000000000D00000000D00000000002
10000000001130000003320000000002
10000000001130000003320000000002
10000000001133303333220000000002
100000000011333D3333322022222222
11111111111300000000333D32222222
11111130003300000000330003322222
11111330000D000000000D0003331111
11113330003300000000330003331111
11113333333300000000333333331111
11113333333300000000333333331111
11113330003300000000330003331111
11113330000D000000000D0003331111
11113330003300000000330003331111
11113333333300000000333333331111
11113333333300000000333333331111
11113330003300000000330003331111
11113330000D000000000S0003331111
44443330003300000000330003331111
44444433033300000000333333331111
44444444D43300000000333333000111
40000000004300000000333333000333
40000000004300000000333333000333
400000000043333G3333333333333333
40000000004300000000000000000333
40000000004300000000000000000333
40000000004300000000000000000333
44444444444333333333433343X33333
