height 30
width 32
333333333332222222222244444X4444
30000000003200000000024000000004
30000000003200000000024000000004
30000000003200000000024000000004
30000000000D00000000024000000004
30000000003200000000024000000004
30000000003200000000024000000004
30000000003200000000024000000004
30000000003222220222224000000004
3333303333344444S444444444044444
33333D33334400000000044444G44444
33333033334400000000044111011111
30000000003400400040041000000001
30000000003400000000041000000001
30000000003400000000041000000001
30000000003400400040041000000001
30000000003400000000041000000001
30000000003400000000041000000001
33333303333444440444441111011111
333311D111111111S111111111D11111
33110000000000000000000000001111
11110000000000000000000000001111
11110000000000000000000000001111
11110000000000000000000000001111
11111111111111101111111111111111
111111111111111D1111110001111111
11111111111110000001110001111111
11111111111110000001110001111111
11111111111110000001111111111111
11111111111111511511111111111111
