height 30
width 32
333333344444444X4444444441111111
30000034000000000000000041000001
30000034000000000000000041000001
30000034000040000004000041000001
30000034000000000000000041000001
3000000G00000000000000000G000001
30000034000000000000000041000001
30000034000040000004000041000001
30000034000000000000000041000001
30000034000000000000000041000001
33303334444444404444444441110111
333D33344444444G444444444111S111
11101113333333303333333331110111
10000013000000000000000031000001
10000013000000000000000031000001
10000013000300000000300031000001
10000013000000000000000031000001
1000000D00000000000000000D000001
10000013000000000000000031000001
10000013000000000000000031000001
10000013000300000000300031000001
10000013000000000000000031000001
10000013000000000000000031000001
11101113333333303333333331111111
111D11111133311D1113300031000111
10000000001110000001100031000111
10000000000D00000001100011000111
10000000001110000001111111111111
10000000001110000001111111111111
11111111111111511511111111111111
