height 30
width 30
333333333444544X45444441111111
300000003400000000004441111111
300000003400000000004441111111
300000000G00000000004441111111
300000003400000000004441111111
300000003400000000004442222222
300000003400000000004422222222
3333D3331144444444442222222222
100000000014400044420000000002
100000000011400044220000000002
100000000011100012220000000002
100000000011111112220000000002
100000000011111112220000000002
100000000011122222220000000002
111011111012222222222222220222
222D22112D2222222222222222S222
200000220000000000000022000002
200000220000000000000022000002
200000220002000000200022000002
2000000D000000000000000D000002
200000220002000000200022000002
200000220000000000000022000002
200000220000000000000022000002
200000222222220222222222000002
20000022222211D111222222000002
200000000D00000000112222000002
200000222111000000111222000002
222222222111000000111222222222
222222222111000000111222222222
222222222111151151111222222222
