height 30
width 32
111111144444445X4544444441111111
10001114440000000000004441111111
30003334440000000000004443333333
30003333440000000000004433333333
33333333340004000040004333333333
30000000030000000000004000000003
30000000030000000000004000000003
30000000030004000040004000000003
300000000G000000000000G000000003
30000000030000000000004000000003
30000000030000000000004000000003
30000000034444404444443000000003
300000000344444G4444443000000003
33330333334000000000043333303333
3333D3333440000000000443333D3333
22220222224004000040042222202222
20000000002000000000040000000002
20000000002000000000040000000002
20000000002000000000040000000002
2000000000D0000000000S0000000002
20000000002004000040040000000002
20000000002000000000040000000002
20000000002000000000040000000002
20000000002444400444420000000002
22222222222422200222422222222222
22200022222200000000222222222222
22200022222200000000222222222222
11100011122200000000222111111111
11111111122200000000222111111111
11111111122222522522222111111111
