height 30
width 32
11111114444444544544444441111111
11111114440000000000004441111111
33333334440000000000004443333333
33333333440000000000004433333333
33333333340004000040004333333333
30000000030000000000004000000003
30000000030000000000004000000003
30000000030004000040004000000003
300000000D000000000000D000000003
30000000030000000000004000000003
30000000030000000000004000000003
30000000034444400444443000000003
30000000034444400444443000000003
33330333334000000000043333303333
3333D3333440000000000443333D3333
22220222224004000040042222202222
20000000002000000000040000000002
20000000002000000000040000000002
20000000002000000000040000000002
2000000000D0000000000D0000000002
20000000002004000040040000000002
20000000002000000000040000000002
20000000002000000000040000000002
20000000002444400444420000000002
22222222222422200222422222222222
22222222222200000000222222222222
22222222222200000000222222222222
11111111122200000000222111111111
11111111122200000000222111111111
11111111122222522522222111111111
