height 22
width 26
11111111111111111122252222
10000001100000000120000002
10000001100000000120000002
10000000D00000000120000002
100000011000000000D0000002
11101111100000000120000002
11101111100000000120000002
111D1111111101111120000002
111011111111D1111120000002
11000000000000000000000022
11000000000000000000000011
11000001000010000100000011
11000001000010000100000011
11000000000000000000000011
11000000000000000000000011
11110111111111111101111111
1111D1111111222222G2222222
10000000011200000000000002
10000000011200000000000002
10000000011200000000000002
10000000011200000000000002
11111111111222222252222X22
