height 26
width 30
222222222222222222255222222222
200000000222000000000000000022
200000000222000000000000000022
200000000222000000000000000022
200000000222000000000000000022
200000000222000000000000000022
200000000222222022222222202222
200000000221111D111112211D1111
200000000210000000000110000001
200000000210000000000110000001
222202222210020000200110000001
2222G2222110000000000110000001
2222022222100000000000D0000001
200000000020000000000110000001
200000000020000000000110000001
2000000000D0020000200110000001
200000000020000000000110000001
200000000020000000000110000001
200000000021111101111111101111
2220222222212222D22222222D2211
222D22222222000000000000000022
200000022222000000000000000022
200000022222000000000000000022
200000022222000000000000000022
200000022222000000000000000022
222222222222222222252222222222
