height 28
width 30
333333333333333333333333333333
300003333000000000333300000003
3000000D0000000000333300000003
300003333000000000333300000003
30000333300000000000D000000003
330333333000000000333300000003
330333333000000000333300000003
33D333333333303333343300000003
3303333333344D4444444300000003
300000003340000000000400000003
300000003340000000000D00003333
300000003340000000000433333333
300000000D00004004000400033333
300000003340004004000400011111
300000003340000000000400011111
300000003340000000000444110001
333330333440000000000444440004
33333S333344444444044444440004
333330333333344444G44444444444
333000000000033400000000000004
333000000000033400000000000004
333000000000033400000000000004
333000000000033400000303000004
33300000000000G000000000000004
333000000000033400000000000004
333000000000033400000000000004
333000000000033400000000000004
33333333333333344444444444X444
