height 30
width 34
3333333111111111111113333333333333
3000003100000000000013000000000003
3000000D0000000000000D000000000003
3000003100000000000013000000000003
3000003100000000000013000000000003
3330333100000000000013333333033333
3330331100000000000010003111D11111
333D331100000000000010001000000001
3330333111111110111110001000000001
333033333331133D333333311000000001
3000000000033000000000031000000001
3000000000033000000000031000000001
300030030003300000000000D000000001
300000000000D000000000031000000001
3000000000033000000000031000000001
3000000000033000000000031111011111
3000300300033000000000033111011111
3000000000033333333333333333G33333
3000000000033333333333333333033333
3333303333334443330000000000000003
44444S4444444444330000000000000003
4000000000000004430000000000000003
4000000000000004430000300000300003
4000000000000004430000000000000003
4000000000000004430000000000000003
4000000000000004430000300000300003
4000000000000004430000000000000003
4000000000000004430000000000000003
4000000000000004430000000000000003
444444444444444443333333333333X333
