height 30
width 34
1111111111444444X44444444111111111
1000000011400000000000044100000001
1000000011400000000000044100000001
1000000011400000000000044100000001
1000000011400040000400044100000001
1000000011400000000000044100000001
1000000011400000000000044100000001
1000000011400000000000044100000001
1000000011400000000000044100000001
1110111111444444044444441111110111
333D331111111111S1111111111133D333
3000003310000000000000000113000003
3000003310000000000000000113000003
3000003310003000000003000113000003
3000000D000000000000000000D0000003
3000003310003000000003000113000003
3000003310000000000000000113000003
3000003310000000000000000113000003
3330333311111111011111111133330333
333D333333333333D3333333333333D333
3000000000000000000000000000000003
3000000000000000000000000000000003
3000000000000000000000000000000003
3000000000000000000000000000000003
3333333333333333033333333333333333
3333333333333333D33333300033333333
3333333333333300000033300033333333
1111111111133300000033300011111111
1111111111133300000033311111111111
1111111111133335335333311111111111
