height 28
width 34
2222222222111151151111444444444411
2000000002100000000001400000044411
2000000002100000000001400000044411
2000000002100000000001400000044411
2000000000D00000000000S00000044411
2000000002100000000001400000044411
2000000002100000000001400000044411
2000000002100000000001400000044411
2222022222111101111111444444444411
1111D111111111D1111222222222222211
1000000000000000012000000000022211
1000000000000000012000000000022211
1000000000000000012000000000022211
100000100001000000D000000000020001
1000000000000000012000000000020001
1000000000000000012000000000020001
1000001000010000012000000000022211
1000000000000000012222220222222211
100000000000000001111111G111111111
1000000000000000011000000000011111
1110111111110111111000000000011111
111D11111111D111111000000000011111
1000000110000000011000000000011111
1000000110000000011000000000011111
10000000D0000000011000000000011111
1000000110000000011000000000011111
1000000110000000011000000000011111
11111111111111111111111111X1111111
