height 30
width 40
1111111111111122222222222211111111111111
1000000000000120000000000210000000011111
1000000000000120000000000210000000011111
1000000000000120000000000210000000011111
1000000000000120000000000210000000011111
1000000000000120000000000210000000011111
1111110111111122222202222211110111111111
111111D1111111111111S111111111D111111111
1000000000000000000000000000000000011111
1000000000000000000000000000000000011111
1001111111100000000000001111111100011111
1000000000000000000000000000000000011111
1000000000000000000000000000000000011111
1000000000001111111111100000000000011111
1000000000000000000000000000000000011111
1001111111000000000000000111111100011111
1000000000000000000000000000000000010001
1000000000000000000000000000000000010001
1111101111111111101111111111110111110001
22222D22211122222D222221114444G444444411
2000000002220000000000022400000000044411
2000000002220000000000022400000000044411
2000000002220000000000022400000000044411
2000000002220000000000022400000000044411
2222022222220000000000022400000000044411
1111D11111120000000000022400000000044411
1000000000010000000000022400000000044411
10000000000D0000000000022400000000044411
1000000000012222222222224400000000044411
11111111111122222222222244444545X4444411
