height 30
width 36
111111111111111111111111111111111111
100000000200002000000000000000000001
100000000200002000000000000000000001
10000000020000D000000010000100000001
122022000000002000000000000000000001
100000000000002000000000000000000001
100000000000002000000000000000000001
11001111111D111111001111111110001111
100001000000000000000000010000000001
100001000000000000000000010000000001
100001000220000000022000000000000001
100001000220000000022000000000000001
100001000000000000000000010000000001
100001000000000000000000010002200001
10000D000000022220000000010002200001
100001000000022220000000010000000001
100001000000000000000000010000000001
1000010000000000000000000D0000000001
100001000220000000022000010000022001
100000000220000000022000010000022001
100001000000000000000000010000000001
100001000000000000000000010000000001
130033333333333D33333333333333003331
100000000033000000000000000000000001
100000000033000000000000000000000001
100000001000001000001000001000000001
100000000000000000000000000000000001
100000000000000000000000000000000001
100000000000000000000000000000000001
111111111111111111111111111111111111
